Epoka 1
x1  | x2  |  w1   |  w2   | Yd  | Yp  |  e  |  dw1   |  dw2  
 1  |  1  | 1.00  | 1.00  |  1  |  1  |  0  |  0.00  |  0.00 
9.4 | 6.4 | 1.00  | 1.00  | -1  |  1  | -2  | -10.34 | -7.04 
2.5 | 2.1 | -9.34 | -6.04 |  1  | -1  |  2  |  2.75  |  2.31 
 8  | 7.7 | -6.59 | -3.73 | -1  | -1  |  0  |  0.00  |  0.00 

Epoka 2
x1  | x2  |  w1   |  w2   | Yd  | Yp  |  e  |  dw1   |  dw2  
 1  |  1  | -6.59 | -3.73 |  1  | -1  |  2  |  1.10  |  1.10 
9.4 | 6.4 | -5.49 | -2.63 | -1  | -1  |  0  |  0.00  |  0.00 
2.5 | 2.1 | -5.49 | -2.63 |  1  | -1  |  2  |  2.75  |  2.31 
 8  | 7.7 | -2.74 | -0.32 | -1  | -1  |  0  |  0.00  |  0.00 

Epoka 3
x1  | x2  |  w1   |  w2   | Yd  | Yp  |  e  |  dw1   |  dw2  
 1  |  1  | -2.74 | -0.32 |  1  | -1  |  2  |  1.10  |  1.10 
9.4 | 6.4 | -1.64 | 0.78  | -1  | -1  |  0  |  0.00  |  0.00 
2.5 | 2.1 | -1.64 | 0.78  |  1  |  1  |  0  |  0.00  |  0.00 
 8  | 7.7 | -1.64 | 0.78  | -1  | -1  |  0  |  0.00  |  0.00 

Epoka 4
x1  | x2  |  w1   |  w2   | Yd  | Yp  |  e  |  dw1   |  dw2  
 1  |  1  | -1.64 | 0.78  |  1  |  1  |  0  |  0.00  |  0.00 
9.4 | 6.4 | -1.64 | 0.78  | -1  | -1  |  0  |  0.00  |  0.00 
2.5 | 2.1 | -1.64 | 0.78  |  1  |  1  |  0  |  0.00  |  0.00 
 8  | 7.7 | -1.64 | 0.78  | -1  | -1  |  0  |  0.00  |  0.00 

